720 8626720
720 9779720
720 7136720
720 10051720
720 7209720
720 1860720
720 8907720
720 3616720
720 8771720
720 3466720
720 10579720
720 7386720
720 8864720
720 9827720
720 2675720
720 5147720
720 7686720
720 8331720
720 1674720
720 9779720
720 2429720
720 9416720
720 8742720
720 5823720
720 6074720
720 431720
720 6443720
720 3769720
720 2195720
720 2820720
720 9779720
720 11238720
720 1617720
720 9811720
720 11106720
720 4696720
720 4825720
720 8224720
720 11106720
720 4888720
720 647720
720 8749720
720 5488720
720 7752720
720 11396720
720 4016720
720 9779720
720 3147720
720 7363720
720 8535720
720 3464720
720 4548720
720 7600720
720 7448720
720 8756720
720 3296720
720 7081720
720 1064720
720 3617720
720 452720
720 2867720
721 9491721
721 3777721
721 8585721
721 5813721
721 7868721
721 574721
721 10470721
721 4712721
721 615721
721 452721
721 2867721
721 1045721
721 8466721
721 4751721
723 7384723
723 1500723
723 11290723
723 4666723
723 3644723
723 1064723
723 3454723
723 8187723
723 349723
723 3841723
723 8028723
723 4927723
723 549723
723 3154723
723 9236723
723 10721723
723 9199723
723 10100723
723 7118723
723 9537723
723 7744723
723 4013723
723 10549723
723 8031723
723 3894723
